60.060000 983.090838 0.130736 
69.100000 978.186442 0.191241 
75.870000 974.184121 0.250438 
81.330000 970.873786 0.308642 
85.940000 967.960507 0.366032 
89.950000 965.250965 0.422833 
93.500000 963.391137 0.479157 
96.710000 960.614793 0.535045 
99.630000 958.588957 0.590319 
111.400000 949.848024 0.862813 
120.200000 942.951438 1.129050 
127.400000 937.031484 1.391401 
133.600000 931.792769 1.650710 
138.900000 927.127758 1.907305 
143.600000 922.849760 2.162162 
147.900000 918.948723 2.415459 
151.900000 915.248032 2.667378 
158.900000 908.595312 3.167564 
165.000000 902.527076 3.664346 
170.400000 897.021887 4.159734 
175.400000 891.901534 4.651163 
179.900000 887.075313 5.144033 
198.300000 866.626224 7.587253 
212.400000 849.834282 10.037137 
224.000000 835.212562 12.503126 
233.900000 822.030415 14.997001 
242.600000 809.913339 17.522341 
250.400000 798.594474 20.088389 
257.500000 787.897888 22.696323 
264.000000 777.665448 25.354970 
275.600000 758.322590 30.826141 
285.900000 740.028121 36.536354 
295.100000 722.438954 42.517007 
303.400000 705.318098 48.828125 
311.100000 688.515560 55.463117 
318.200000 671.772135 62.539087 
324.800000 655.007533 70.126227 
330.900000 638.121371 78.247261 
336.800000 620.848078 87.032202 
342.200000 603.099934 96.711799 
347.400000 584.556030 107.457554 
352.400000 564.907920 119.560019 
357.100000 543.566886 133.529176 
361.500000 519.669490 150.217816 
365.800000 491.159136 171.408982 
368.280000 470.676833 186.115764 
370.280000 449.822320 203.004466 
371.460000 434.065457 216.262976 
372.240000 420.875421 227.427792 
373.600000 374.531835 268.096515 
374.100000 316.957211 316.957211 
