20.000000 983.090838 0.130736 
30.000000 978.186442 0.191241 
40.000000 974.184121 0.250438 
50.000000 970.873786 0.308642 
60.000000 967.960507 0.366032 
70.000000 965.250965 0.422833 
80.000000 963.391137 0.479157 
90.000000 960.614793 0.535045 
100.000000 958.588957 0.590319 
150.000000 949.848024 0.862813 
200.000000 942.951438 1.129050 
250.000000 937.031484 1.391401 
300.000000 931.792769 1.650710 
350.000000 927.127758 1.907305 
400.000000 922.849760 2.162162 
450.000000 918.948723 2.415459 
500.000000 915.248032 2.667378 
600.000000 908.595312 3.167564 
700.000000 902.527076 3.664346 
800.000000 897.021887 4.159734 
900.000000 891.901534 4.651163 
1000.000000 887.075313 5.144033 
1500.000000 866.626224 7.587253 
2000.000000 849.834282 10.037137 
2500.000000 835.212562 12.503126 
3000.000000 822.030415 14.997001 
3500.000000 809.913339 17.522341 
4000.000000 798.594474 20.088389 
4500.000000 787.897888 22.696323 
5000.000000 777.665448 25.354970 
6000.000000 758.322590 30.826141 
7000.000000 740.028121 36.536354 
8000.000000 722.438954 42.517007 
9000.000000 705.318098 48.828125 
10000.000000 688.515560 55.463117 
11000.000000 671.772135 62.539087 
12000.000000 655.007533 70.126227 
13000.000000 638.121371 78.247261 
14000.000000 620.848078 87.032202 
15000.000000 603.099934 96.711799 
16000.000000 584.556030 107.457554 
17000.000000 564.907920 119.560019 
18000.000000 543.566886 133.529176 
19000.000000 519.669490 150.217816 
20000.000000 491.159136 171.408982 
20500.000000 470.676833 186.115764 
21000.000000 449.822320 203.004466 
21300.000000 434.065457 216.262976 
21500.000000 420.875421 227.427792 
21967.000000 374.531835 268.096515 
22090.000000 316.957211 316.957211 
